rays, sec,   rec-ord
3828, 1.7, 1
4598, 2.0, 1
4915, 1.5, 1
5261, 2.3, 0
5361, 1.0, 0
5449, 1.6, 0
5450, 2.4, 0
5603, 2.4, 1
6129, 1.6, 0
6203, 2.0, 1
6356, 1.4, 0
6384, 2.7, 0
6583, 1.1, 0
6631, 1.6, 0
6667, 1.1, 0
6669, 1.7, 0
6691, 2.4, 0
6725, 1.4, 1
6773, 2.3, 1
6961, 1.7, 0
6999, 1.1, 0
7020, 1.1, 0
7064, 2.5, 0
7152, 1.7, 0
7164, 1.4, 0
7186, 1.1, 0
7282, 1.8, 1
7324, 2.0, 0
7405, 1.1, 0
7518, 1.5, 0
7520, 1.1, 1
7536, 2.2, 1
7554, 2.7, 1
7559, 1.6, 1
7604, 2.7, 0
7744, 1.5, 0
7751, 1.4, 0
7793, 1.1, 0
7881, 2.9, 0
7903, 1.3, 0
7969, 1.4, 1
7982, 3.7, 0
7993, 1.6, 0
8075, 1.9, 0
8128, 1.2, 0
8139, 1.6, 1
8174, 2.2, 1
8175, 1.3, 0
8181, 2.2, 0
8202, 1.8, 0
8220, 1.7, 0
8229, 1.1, 0
8368, 2.2, 1
8412, 2.5, 0
8444, 1.8, 0
8474, 1.3, 1
8490, 1.6, 0
8535, 1.5, 0
8566, 2.4, 0
8581, 1.1, 0
8596, 2.9, 0
8615, 1.2, 0
8648, 1.3, 0
8655, 1.4, 0
8667, 1.5, 0
8671, 1.5, 0
8674, 3.1, 0
8674, 1.5, 1
8716, 1.2, 0
8844, 1.2, 0
8857, 3.0, 1
8864, 1.8, 1
8907, 1.5, 0
8952, 1.1, 0
8963, 1.1, 1
8982, 2.5, 0
8987, 2.5, 1
9080, 1.6, 0
9095, 1.6, 1
9099, 1.5, 0
9111, 1.9, 1
9118, 2.8, 1
9130, 2.7, 0
9138, 1.5, 0
9213, 2.2, 0
9235, 1.8, 1
9245, 2.1, 0
9259, 1.5, 1
9277, 1.5, 1
9297, 2.8, 0
9384, 1.2, 1
9423, 2.1, 0
9428, 2.5, 0
9432, 1.7, 1
9479, 2.3, 1
9505, 2.2, 0
9543, 2.5, 0
9544, 1.3, 0
9578, 2.9, 0
9622, 1.6, 1
9622, 1.6, 1
9652, 2.7, 0
9686, 1.8, 0
9698, 1.0, 0
9720, 1.2, 0
9739, 1.7, 0
9754, 3.0, 0
9788, 1.5, 0
9789, 2.0, 0
9795, 1.4, 0
9880, 1.6, 0
9887, 2.3, 0
9893, 1.4, 0
9894, 2.5, 0
9897, 1.5, 0
9913, 1.1, 0
9951, 1.5, 0
9952, 1.6, 0
9955, 2.6, 0
9957, 4.8, 1
9977, 1.2, 0
10002, 1.3, 0
10028, 1.5, 0
10039, 1.6, 1
10057, 2.3, 0
10090, 2.6, 0
10090, 4.2, 0
10106, 1.9, 0
10162, 2.0, 0
10173, 1.7, 0
10255, 1.5, 0
10263, 1.5, 0
10307, 1.1, 0
10364, 2.8, 1
10387, 3.7, 0
10389, 1.2, 0
10402, 1.3, 0
10423, 1.2, 1
10425, 1.1, 1
10428, 1.7, 1
10457, 4.0, 0
10460, 2.6, 0
10496, 1.6, 1
10498, 1.7, 0
10510, 1.6, 0
10546, 1.0, 0
10548, 1.4, 1
10588, 2.6, 0
10621, 2.7, 0
10655, 2.2, 0
10656, 1.0, 0
10659, 1.5, 0
10686, 2.2, 0
10709, 2.1, 0
10736, 2.8, 1
10752, 1.0, 1
10753, 2.3, 0
10767, 4.8, 0
10785, 1.4, 0
10853, 1.4, 0
10866, 1.2, 0
10883, 2.6, 0
10906, 1.6, 0
10921, 1.3, 0
10968, 2.8, 1
10973, 1.7, 1
10977, 2.8, 0
10988, 1.1, 1
11006, 1.4, 0
11021, 3.4, 1
11043, 2.3, 0
11055, 3.5, 0
11078, 1.6, 0
11097, 3.2, 1
11116, 1.6, 0
11119, 1.6, 0
11129, 1.6, 1
11132, 1.1, 0
11142, 2.0, 0
11152, 3.0, 1
11153, 3.0, 0
11158, 1.8, 0
11176, 1.6, 0
11200, 1.1, 1
11227, 1.6, 0
11234, 1.4, 1
11271, 2.0, 0
11295, 1.6, 0
11321, 2.8, 0
11324, 2.1, 1
11346, 2.2, 0
11350, 2.5, 0
11361, 1.6, 0
11369, 5.7, 1
11370, 1.2, 0
11386, 1.6, 0
11400, 1.1, 1
11409, 1.6, 0
11414, 1.8, 1
11436, 1.8, 0
11445, 2.7, 0
11447, 1.0, 0
11488, 2.4, 0
11493, 2.6, 1
11515, 1.9, 0
11539, 2.3, 0
11577, 1.5, 0
11588, 1.2, 0
11606, 3.7, 0
11646, 1.6, 0
11661, 1.4, 0
11678, 2.6, 0
11688, 2.4, 0
11689, 1.7, 0
11709, 1.9, 0
11710, 1.6, 0
11720, 2.2, 1
11722, 1.3, 0
11728, 1.6, 0
11746, 2.2, 0
11753, 1.4, 0
11756, 1.4, 0
11815, 1.7, 0
11816, 1.5, 1
11855, 2.5, 0
11855, 2.6, 0
11857, 2.1, 0
11885, 1.8, 0
11909, 2.5, 0
11911, 3.7, 0
11934, 2.5, 1
11955, 3.2, 1
11965, 1.4, 0
11973, 2.4, 1
11976, 1.7, 0
11984, 3.0, 1
11990, 2.4, 0
12001, 1.7, 1
12014, 1.4, 1
12014, 2.9, 1
12017, 3.8, 0
12025, 1.1, 0
12043, 2.1, 1
12046, 2.4, 0
12060, 2.6, 1
12060, 2.3, 1
12060, 2.2, 1
12063, 1.7, 1
12074, 2.9, 0
12100, 3.7, 0
12137, 1.4, 1
12154, 2.5, 1
12169, 2.5, 0
12175, 4.0, 0
12188, 2.2, 1
12199, 1.6, 0
12202, 1.2, 0
12213, 1.7, 0
12218, 1.1, 0
12222, 1.4, 0
12234, 2.8, 0
12245, 2.4, 0
12296, 7.1, 1
12341, 1.8, 1
12373, 1.7, 1
12373, 2.5, 1
12412, 2.3, 0
12412, 1.8, 0
12430, 3.2, 0
12431, 1.4, 0
12460, 2.3, 0
12473, 1.6, 0
12523, 2.7, 0
12533, 1.3, 0
12552, 1.2, 0
12592, 2.7, 0
12592, 1.7, 1
12611, 1.2, 0
12613, 1.5, 0
12631, 1.5, 0
12645, 2.0, 0
12650, 1.8, 0
12655, 2.3, 1
12673, 2.6, 0
12673, 3.7, 1
12685, 1.5, 0
12709, 1.2, 0
12726, 1.3, 1
12737, 3.9, 0
12754, 1.1, 1
12789, 1.5, 0
12794, 1.7, 0
12803, 2.4, 0
12805, 2.0, 1
12805, 1.1, 0
12873, 1.9, 1
12877, 2.5, 0
12906, 1.5, 0
12934, 2.1, 0
12935, 6.8, 0
12947, 1.6, 1
12970, 1.6, 0
12982, 3.4, 1
13001, 1.6, 0
13005, 2.3, 0
13008, 3.2, 1
13018, 2.6, 0
13056, 1.7, 0
13069, 4.6, 0
13090, 1.6, 0
13092, 1.2, 0
13098, 1.8, 0
13116, 1.2, 0
13120, 1.1, 0
13173, 1.3, 0
13209, 3.4, 1
13226, 1.5, 0
13227, 1.2, 0
13230, 1.7, 0
13236, 1.9, 1
13253, 1.3, 0
13256, 1.6, 0
13272, 3.4, 0
13274, 2.1, 0
13284, 1.6, 1
13297, 1.3, 1
13320, 2.0, 0
13328, 2.5, 0
13332, 1.4, 0
13336, 5.3, 0
13367, 1.5, 1
13389, 2.0, 0
13408, 1.6, 0
13414, 1.8, 0
13424, 3.2, 1
13431, 1.6, 0
13439, 2.4, 0
13480, 2.5, 1
13484, 1.1, 0
13489, 3.4, 0
13523, 2.4, 0
13542, 1.4, 0
13574, 2.1, 1
13581, 1.7, 0
13611, 2.3, 0
13631, 2.1, 1
13647, 2.8, 0
13703, 2.5, 1
13713, 3.5, 0
13713, 2.6, 0
13723, 1.1, 0
13744, 3.5, 0
13749, 4.8, 0
13753, 1.6, 0
13773, 1.6, 0
13774, 1.9, 0
13783, 1.5, 0
13808, 1.6, 0
13811, 1.8, 0
13826, 1.0, 0
13844, 2.8, 1
13850, 1.6, 0
13853, 3.0, 1
13854, 1.6, 0
13861, 1.9, 0
13866, 1.2, 0
13871, 1.2, 1
13910, 1.4, 0
13910, 1.1, 0
13911, 1.7, 0
13925, 7.9, 1
13952, 1.5, 0
13986, 1.2, 1
13995, 1.1, 0
13996, 2.2, 0
13997, 2.8, 0
14000, 2.7, 0
14015, 1.4, 0
14025, 5.4, 0
14032, 1.2, 0
14032, 2.3, 0
14048, 1.7, 0
14079, 1.5, 0
14090, 2.7, 0
14103, 1.1, 0
14137, 3.0, 1
14137, 2.4, 1
14182, 1.6, 0
14190, 2.3, 0
14202, 1.7, 0
14214, 1.8, 0
14237, 1.3, 0
14238, 2.2, 0
14239, 3.1, 1
14245, 1.1, 0
14246, 4.2, 0
14246, 2.7, 0
14291, 1.9, 0
14310, 1.6, 0
14343, 1.5, 0
14348, 2.0, 0
14369, 1.8, 0
14386, 1.1, 1
14415, 2.0, 0
14433, 2.3, 1
14434, 2.0, 0
14438, 1.9, 0
14454, 1.1, 0
14460, 1.4, 0
14463, 2.8, 0
14467, 2.0, 1
14470, 2.0, 0
14484, 2.7, 1
14486, 1.8, 0
14488, 1.9, 1
14498, 3.7, 1
14513, 3.8, 1
14513, 1.3, 0
14516, 2.9, 0
14565, 2.5, 0
14567, 3.6, 1
14597, 1.7, 0
14602, 2.7, 1
14607, 2.2, 0
14648, 2.0, 1
14660, 3.8, 0
14699, 3.6, 1
14757, 4.9, 1
14781, 2.0, 0
14786, 2.5, 1
14796, 4.8, 0
14891, 2.3, 1
14891, 4.3, 0
14891, 3.3, 0
14893, 1.1, 0
14899, 2.6, 0
14905, 2.7, 0
14910, 2.3, 0
14920, 1.8, 0
14925, 2.9, 0
14955, 1.2, 0
14963, 1.3, 0
14973, 3.1, 1
14990, 1.1, 0
15010, 5.9, 0
15023, 4.8, 1
15046, 4.8, 1
15105, 2.7, 0
15106, 3.3, 1
15125, 2.3, 0
15131, 3.5, 1
15152, 1.1, 0
15159, 3.0, 0
15159, 1.2, 0
15164, 2.2, 0
15167, 5.7, 0
15182, 1.4, 0
15197, 2.5, 0
15229, 1.2, 0
15231, 1.8, 0
15246, 1.1, 0
15269, 4.9, 0
15270, 5.9, 0
15279, 2.5, 0
15298, 2.8, 0
15311, 2.5, 0
15391, 4.7, 0
15427, 2.9, 1
15449, 1.6, 0
15471, 6.3, 0
15541, 1.6, 0
15574, 1.1, 0
15599, 1.4, 0
15619, 2.3, 0
15750, 1.0, 0
15761, 1.8, 0
15821, 3.9, 1
15824, 2.1, 0
15839, 1.3, 0
15909, 4.3, 0
15911, 4.9, 1
15914, 1.1, 0
15922, 1.6, 0
15954, 2.0, 0
15989, 3.9, 0
15989, 1.8, 0
16003, 6.1, 1
16035, 3.8, 1
16048, 1.1, 1
16049, 1.4, 0
16050, 3.8, 0
16065, 2.8, 1
16104, 2.2, 0
16107, 1.4, 0
16114, 1.1, 0
16114, 1.6, 0
16114, 2.9, 0
16116, 2.5, 0
16132, 1.4, 0
16134, 1.0, 0
16151, 3.8, 0
16151, 2.1, 0
16153, 2.9, 0
16153, 2.8, 0
16168, 2.5, 0
16176, 2.7, 0
16180, 4.4, 0
16231, 2.9, 1
16242, 3.8, 0
16244, 3.7, 0
16251, 2.5, 0
16254, 2.2, 0
16256, 1.3, 1
16261, 2.7, 0
16263, 2.6, 0
16266, 2.6, 0
16277, 2.3, 1
16323, 4.3, 1
16324, 2.9, 0
16365, 3.0, 0
16378, 3.7, 1
16407, 3.7, 0
16408, 3.0, 0
16440, 2.2, 0
16448, 2.6, 0
16482, 8.0, 0
16493, 1.4, 1
16514, 1.5, 0
16518, 2.3, 0
16528, 2.7, 0
16530, 1.1, 0
16564, 1.1, 0
16571, 1.6, 0
16579, 1.3, 0
16597, 2.8, 0
16603, 1.5, 1
16613, 1.1, 0
16640, 4.5, 1
16641, 1.6, 0
16646, 1.2, 0
16708, 1.9, 1
16715, 1.5, 0
16732, 4.8, 0
16732, 1.4, 0
16768, 1.7, 0
16772, 1.5, 0
16780, 1.7, 1
16791, 2.2, 1
16811, 1.2, 0
16821, 1.6, 0
16844, 1.8, 0
16863, 1.5, 0
16872, 1.2, 1
16879, 2.2, 0
16888, 1.6, 0
16891, 1.2, 0
16913, 1.3, 0
16915, 2.4, 0
16916, 5.0, 1
16929, 4.3, 0
17037, 4.7, 1
17043, 2.1, 0
17087, 2.0, 0
17093, 2.0, 1
17112, 2.0, 0
17114, 1.6, 0
17132, 1.1, 0
17143, 1.0, 0
17179, 5.1, 0
17240, 4.5, 1
17245, 2.9, 0
17248, 2.2, 1
17250, 1.7, 0
17261, 4.0, 1
17263, 2.6, 0
17331, 4.4, 1
17334, 3.3, 0
17344, 5.6, 1
17346, 2.1, 0
17361, 2.8, 0
17405, 1.5, 0
17414, 1.2, 0
17465, 3.0, 1
17468, 1.7, 0
17501, 3.8, 0
17539, 7.0, 0
17551, 1.8, 0
17554, 2.8, 0
17557, 3.9, 0
17566, 3.8, 0
17572, 2.0, 0
17578, 2.2, 1
17591, 2.7, 0
17626, 2.7, 0
17628, 1.4, 0
17638, 7.9, 1
17650, 1.3, 0
17686, 2.4, 0
17698, 1.6, 0
17711, 1.2, 0
17713, 1.5, 0
17737, 2.8, 0
17746, 9.9, 0
17750, 1.5, 0
17777, 2.3, 0
17780, 1.6, 0
17783, 5.0, 1
17822, 1.5, 0
17844, 1.6, 0
17905, 2.2, 0
17907, 2.8, 0
17917, 1.9, 0
17926, 1.6, 1
17943, 5.0, 0
17948, 3.9, 0
17988, 1.2, 0
17989, 1.4, 0
18012, 1.4, 0
18023, 1.1, 0
18077, 2.8, 1
18087, 1.4, 0
18095, 2.2, 1
18116, 1.0, 0
18124, 3.5, 0
18127, 2.1, 0
18144, 3.3, 0
18159, 6.0, 1
18209, 1.0, 0
18231, 2.7, 0
18251, 1.1, 0
18276, 2.2, 0
18318, 4.9, 0
18337, 2.1, 0
18339, 2.7, 0
18341, 2.6, 1
18343, 2.2, 0
18350, 2.9, 0
18369, 1.1, 0
18385, 1.6, 0
18431, 6.0, 0
18475, 2.4, 0
18521, 1.9, 0
18565, 3.7, 0
18566, 4.0, 0
18573, 5.1, 0
18584, 10.1, 1
18608, 1.8, 0
18617, 1.6, 0
18668, 1.6, 0
18669, 2.7, 0
18690, 1.4, 0
18726, 4.8, 0
18757, 1.7, 0
18763, 1.1, 0
18764, 1.7, 0
18772, 1.4, 0
18777, 1.5, 0
18806, 8.5, 1
18840, 3.9, 0
18875, 2.7, 0
18875, 2.1, 0
18879, 3.6, 0
18900, 3.0, 0
18909, 2.2, 0
18927, 2.7, 0
18957, 1.9, 1
18990, 1.2, 0
19064, 2.8, 1
19094, 4.7, 0
19103, 2.1, 0
19110, 1.3, 0
19116, 1.6, 0
19125, 1.9, 0
19136, 1.5, 0
19141, 4.7, 0
19178, 3.2, 1
19218, 4.9, 0
19256, 2.5, 0
19264, 1.6, 0
19268, 2.6, 0
19271, 2.2, 1
19274, 2.7, 1
19276, 1.8, 0
19313, 5.5, 0
19315, 1.2, 0
19363, 8.6, 0
19396, 5.3, 0
19416, 1.3, 0
19436, 1.8, 0
19504, 2.5, 0
19512, 3.6, 0
19515, 1.4, 0
19529, 6.2, 1
19575, 1.1, 0
19586, 2.0, 0
19589, 4.3, 1
19592, 5.1, 0
19627, 1.1, 0
19630, 5.1, 0
19664, 1.6, 0
19683, 4.5, 0
19750, 2.9, 0
19785, 3.6, 0
19821, 2.6, 0
19822, 6.1, 1
19822, 1.3, 0
19829, 2.5, 0
19844, 2.9, 0
19849, 3.7, 0
19865, 1.4, 0
19879, 3.3, 1
19911, 5.5, 1
19914, 2.6, 0
19915, 2.2, 0
19946, 2.6, 0
19953, 1.4, 0
19976, 1.5, 1
20012, 1.7, 0
20017, 5.1, 1
20021, 5.2, 1
20035, 1.5, 0
20045, 4.8, 0
20045, 3.4, 0
20059, 1.7, 0
20075, 3.1, 0
20090, 1.9, 1
20136, 1.6, 0
20157, 2.6, 0
20169, 3.6, 0
20232, 7.8, 0
20237, 2.8, 0
20256, 2.4, 0
20258, 1.4, 0
20270, 3.5, 0
20279, 2.6, 0
20339, 3.2, 0
20354, 1.0, 0
20365, 1.4, 0
20368, 1.5, 0
20401, 2.6, 1
20484, 1.2, 0
20508, 9.1, 0
20516, 1.4, 0
20525, 1.7, 0
20531, 2.4, 0
20543, 1.7, 0
20551, 1.5, 0
20574, 1.6, 1
20608, 1.2, 0
20614, 4.0, 0
20616, 1.2, 0
20619, 5.4, 0
20659, 3.1, 0
20680, 10.0, 1
20694, 4.4, 1
20701, 2.5, 0
20704, 3.8, 1
20704, 1.2, 0
20742, 6.2, 0
20750, 2.5, 0
20784, 2.7, 0
20812, 1.3, 0
20881, 2.8, 0
20886, 5.8, 0
20961, 7.1, 0
20995, 3.8, 1
21027, 1.2, 1
21067, 5.1, 0
21099, 3.4, 0
21132, 5.8, 1
21135, 1.5, 0
21142, 4.4, 1
21163, 3.1, 1
21188, 2.9, 1
21217, 2.2, 0
21217, 2.2, 0
21225, 2.3, 0
21228, 2.9, 1
21247, 1.9, 0
21261, 1.1, 0
21287, 1.6, 0
21324, 2.7, 0
21336, 2.7, 1
21337, 1.3, 0
21344, 3.2, 1
21349, 8.0, 1
21349, 1.7, 1
21393, 1.4, 0
21510, 1.4, 0
21514, 4.3, 1
21524, 1.1, 0
21533, 1.8, 0
21590, 3.0, 1
21619, 3.9, 0
21631, 3.1, 0
21633, 3.3, 1
21676, 3.1, 0
21694, 1.5, 0
21742, 3.7, 0
21761, 1.7, 0
21812, 3.9, 1
21848, 3.5, 0
21851, 1.2, 0
21954, 1.7, 0
21980, 6.2, 0
21987, 6.8, 1
21994, 4.5, 0
22055, 4.0, 0
22078, 2.9, 0
22090, 4.8, 0
22093, 1.5, 0
22117, 2.9, 0
22124, 2.6, 0
22160, 2.4, 0
22166, 2.7, 0
22219, 2.0, 0
22256, 3.4, 1
22271, 4.6, 0
22281, 1.6, 0
22311, 2.5, 0
22349, 2.7, 0
22376, 4.0, 0
22388, 1.7, 0
22403, 2.1, 0
22413, 2.3, 0
22470, 1.4, 0
22493, 3.5, 0
22516, 3.1, 0
22518, 6.3, 1
22519, 1.5, 0
22553, 3.0, 0
22584, 2.5, 1
22598, 3.3, 0
22660, 2.6, 0
22675, 2.7, 0
22782, 1.9, 0
22787, 4.9, 1
22797, 1.8, 0
22891, 6.9, 0
22903, 2.6, 0
22904, 10.0, 0
22917, 7.4, 0
22941, 2.6, 0
22942, 3.2, 0
22967, 5.8, 1
23012, 9.6, 0
23072, 5.8, 1
23089, 5.1, 0
23098, 2.6, 0
23099, 8.7, 0
23105, 6.1, 1
23162, 1.1, 0
23183, 2.5, 0
23239, 2.1, 1
23272, 2.1, 0
23288, 1.6, 0
23308, 4.6, 0
23316, 3.0, 1
23339, 2.0, 0
23340, 2.0, 0
23356, 4.3, 0
23379, 8.9, 1
23409, 5.9, 0
23419, 2.8, 0
23433, 10.7, 1
23468, 2.5, 0
23493, 2.5, 0
23530, 2.0, 1
23541, 2.8, 0
23572, 5.9, 0
23605, 2.4, 0
23612, 1.6, 0
23665, 3.4, 0
23690, 1.4, 1
23710, 3.2, 0
23727, 10.1, 0
23761, 1.2, 0
23784, 1.6, 0
23794, 4.9, 0
23798, 2.1, 0
23805, 1.4, 0
23833, 3.4, 0
23853, 4.9, 1
23857, 2.3, 0
23862, 2.8, 0
23870, 1.6, 0
23878, 2.8, 0
23880, 2.5, 1
23883, 3.2, 1
23910, 1.9, 0
23916, 8.5, 0
23927, 4.6, 0
23967, 1.3, 0
24020, 3.2, 0
24125, 3.7, 1
24189, 5.6, 0
24200, 5.9, 1
24208, 1.7, 0
24211, 4.2, 1
24236, 3.8, 1
24239, 1.7, 0
24252, 1.5, 0
24276, 6.6, 0
24281, 5.2, 0
24370, 2.2, 0
24401, 5.7, 1
24405, 2.0, 0
24426, 1.5, 1
24486, 3.9, 0
24502, 2.7, 1
24502, 6.3, 1
24510, 2.3, 0
24517, 3.3, 0
24517, 2.7, 0
24593, 1.6, 0
24633, 4.7, 0
24663, 1.8, 1
24673, 3.4, 0
24678, 1.6, 0
24691, 2.0, 0
24704, 2.6, 0
24719, 4.2, 1
24745, 3.4, 0
24759, 12.7, 0
24784, 2.6, 0
24792, 2.3, 0
24793, 1.1, 0
24797, 4.0, 0
24806, 5.9, 0
24832, 5.1, 1
24838, 1.7, 0
24851, 3.1, 1
24862, 3.0, 0
24945, 1.3, 0
24963, 5.7, 1
24972, 3.4, 0
24989, 1.6, 0
25060, 5.8, 0
25076, 8.6, 1
25080, 2.6, 1
25081, 12.2, 0
25137, 1.4, 0
25137, 2.9, 1
25146, 4.3, 0
25181, 8.0, 1
25251, 3.8, 0
25319, 4.1, 1
25412, 2.1, 0
25446, 5.6, 0
25493, 15.0, 1
25494, 18.0, 1
25506, 1.6, 0
25511, 3.7, 0
25557, 3.8, 0
25574, 3.4, 0
25582, 3.1, 0
25586, 6.0, 0
25593, 28.7, 1
25640, 1.8, 0
25668, 2.6, 1
25674, 1.6, 0
25677, 3.3, 0
25727, 8.4, 1
25731, 2.6, 0
25789, 5.3, 1
25798, 3.8, 0
25835, 2.7, 0
25853, 5.6, 1
25877, 2.5, 0
25886, 1.0, 0
25957, 3.0, 0
26059, 5.0, 0
26201, 5.0, 1
26343, 1.4, 0
26366, 6.0, 0
26399, 2.4, 0
26418, 1.6, 0
26500, 6.8, 1
26540, 3.4, 0
26559, 5.2, 1
26563, 8.9, 0
26585, 2.4, 0
26592, 4.1, 1
26621, 11.0, 0
26627, 2.8, 0
26656, 3.2, 0
26687, 5.0, 0
26697, 2.0, 0
26762, 3.4, 0
26780, 2.1, 0
26789, 3.1, 0
26795, 3.4, 0
26847, 5.9, 0
26847, 3.1, 0
26865, 4.0, 0
26882, 13.9, 1
26949, 5.1, 0
26953, 5.8, 0
26980, 14.2, 0
27043, 2.4, 0
27043, 1.6, 0
27058, 8.1, 1
27109, 4.8, 0
27132, 7.8, 1
27149, 34.9, 1
27153, 6.9, 0
27153, 5.4, 1
27158, 13.5, 0
27199, 5.2, 0
27214, 3.4, 0
27219, 2.6, 1
27242, 2.7, 0
27255, 8.5, 1
27278, 2.8, 0
27279, 5.1, 1
27312, 5.3, 0
27353, 4.0, 0
27431, 3.6, 0
27444, 6.6, 1
27483, 4.8, 0
27536, 3.2, 0
27566, 3.1, 0
27638, 2.4, 0
27652, 3.5, 0
27663, 1.3, 0
27694, 2.6, 1
27715, 6.9, 1
27733, 2.7, 0
27735, 1.9, 0
27827, 5.8, 0
27842, 3.8, 0
27864, 6.5, 0
27885, 7.8, 0
27888, 2.6, 0
27910, 4.7, 0
27917, 2.2, 0
27932, 7.2, 1
27999, 3.6, 0
28084, 4.6, 0
28098, 1.6, 0
28117, 1.7, 0
28161, 2.1, 0
28197, 4.8, 0
28206, 28.0, 1
28231, 2.9, 0
28251, 8.4, 0
28253, 3.2, 0
28320, 3.5, 0
28342, 8.7, 1
28371, 2.8, 0
28393, 2.8, 0
28410, 7.1, 0
28445, 2.6, 0
28474, 3.4, 0
28491, 6.1, 1
28515, 2.3, 1
28532, 22.2, 1
28540, 1.0, 0
28540, 2.7, 0
28599, 14.9, 0
28613, 1.6, 0
28621, 2.6, 0
28625, 6.0, 0
28661, 7.0, 1
28740, 7.3, 0
28749, 10.3, 0
28776, 2.6, 0
28778, 2.1, 1
28804, 2.7, 0
28861, 4.5, 0
28867, 6.1, 1
28895, 9.7, 1
28902, 2.7, 0
28924, 2.5, 0
28941, 2.3, 0
28960, 4.8, 0
28965, 3.9, 0
28985, 12.3, 1
28988, 2.2, 0
29001, 3.9, 0
29022, 3.6, 0
29025, 1.3, 0
29041, 6.2, 0
29056, 4.6, 0
29133, 2.9, 0
29141, 3.6, 0
29185, 3.8, 0
29202, 5.0, 0
29206, 3.0, 0
29239, 1.0, 0
29256, 6.7, 1
29277, 3.3, 1
29284, 19.6, 1
29309, 4.3, 0
29344, 1.6, 0
29353, 5.0, 0
29356, 6.2, 0
29368, 9.9, 0
29377, 3.4, 0
29385, 3.7, 0
29395, 3.6, 1
29423, 3.0, 1
29479, 2.2, 0
29538, 8.0, 1
29586, 2.6, 0
29605, 2.6, 1
29634, 15.3, 0
29634, 3.4, 0
29636, 2.7, 1
29641, 5.9, 1
29655, 2.8, 0
29682, 3.7, 0
29730, 7.5, 0
29739, 7.2, 0
29758, 11.4, 1
29792, 2.8, 0
29797, 3.0, 0
29805, 3.7, 1
29825, 4.4, 0
29889, 2.1, 0
29922, 4.0, 0
29966, 2.4, 0
29990, 4.1, 0
29994, 4.5, 0
30013, 3.1, 0
30013, 2.3, 1
30025, 6.4, 0
30036, 4.2, 0
30040, 3.3, 0
30132, 8.9, 1
30227, 11.2, 1
30231, 3.7, 0
30251, 6.0, 1
30271, 4.5, 0
30282, 3.8, 0
30285, 2.6, 0
30340, 2.1, 0
30340, 4.9, 0
30344, 12.5, 1
30360, 4.6, 0
30382, 2.1, 0
30386, 6.9, 0
30398, 11.3, 1
30499, 2.7, 0
30512, 3.8, 0
30563, 4.8, 0
30564, 8.5, 0
30581, 1.5, 0
30615, 3.8, 0
30631, 6.2, 0
30647, 1.3, 0
30648, 14.6, 0
30741, 2.8, 0
30745, 7.7, 1
30746, 1.5, 1
30790, 4.4, 1
30855, 2.2, 0
30863, 7.5, 0
30866, 4.8, 1
30955, 2.6, 1
31000, 4.5, 0
31045, 4.0, 0
31071, 28.9, 1
31123, 3.1, 0
31157, 4.7, 0
31160, 5.0, 1
31161, 18.8, 1
31197, 4.7, 1
31253, 9.1, 0
31288, 7.2, 0
31301, 2.5, 0
31302, 3.5, 0
31427, 10.9, 0
31441, 7.7, 0
31450, 6.4, 0
31455, 22.3, 0
31459, 3.9, 0
31470, 6.3, 0
31483, 3.5, 0
31506, 12.2, 0
31536, 8.0, 0
31561, 13.9, 0
31636, 2.6, 0
31657, 7.5, 0
31667, 3.5, 0
31709, 2.7, 0
31724, 4.2, 0
31822, 2.0, 0
31826, 10.5, 0
31864, 14.0, 0
31873, 2.3, 0
31890, 3.5, 0
31918, 7.2, 0
31922, 4.8, 0
31926, 3.9, 0
31946, 7.5, 0
31957, 5.0, 0
31961, 39.7, 0
32015, 13.0, 0
32032, 2.9, 1
32051, 2.0, 0
32111, 5.7, 0
32135, 4.5, 0
32181, 3.9, 0
32209, 10.3, 1
32322, 2.6, 0
32361, 3.4, 1
32437, 3.7, 0
32472, 2.6, 0
32481, 2.4, 0
32513, 7.3, 0
32654, 10.4, 0
32699, 5.1, 0
32753, 6.8, 0
32783, 7.9, 0
32927, 7.8, 1
32984, 12.0, 0
32997, 3.4, 1
33020, 4.9, 0
33102, 3.2, 0
33128, 8.2, 1
33143, 9.3, 1
33164, 3.1, 0
33204, 11.5, 1
33215, 3.3, 0
33218, 3.7, 0
33270, 3.3, 0
33332, 8.0, 0
33378, 14.5, 0
33392, 4.9, 0
33396, 2.2, 0
33402, 13.5, 0
33455, 5.3, 1
33475, 2.7, 0
33481, 3.8, 0
33555, 5.7, 1
33567, 6.5, 0
33579, 5.8, 0
33589, 24.1, 0
33612, 3.3, 0
33619, 5.5, 0
33715, 3.4, 0
33788, 4.4, 0
33818, 3.0, 0
33840, 2.6, 0
33848, 6.9, 0
34020, 5.6, 0
34062, 3.9, 0
34157, 6.0, 0
34179, 2.7, 0
34208, 3.9, 0
34363, 5.2, 0
34412, 3.6, 1
34486, 3.5, 0
34610, 27.6, 0
34675, 24.6, 0
34802, 5.2, 1
34815, 10.4, 0
34856, 3.9, 1
34888, 4.5, 0
34907, 4.3, 0
35102, 2.9, 0
35150, 5.9, 0
35189, 3.1, 0
35242, 3.8, 0
35270, 4.4, 1
35307, 7.5, 0
35340, 4.4, 0
35364, 5.9, 0
35380, 8.5, 1
35399, 5.5, 0
35579, 14.7, 1
35630, 8.9, 1
35644, 4.1, 0
35710, 16.5, 1
35733, 18.0, 0
35759, 5.9, 0
35794, 13.0, 1
35816, 9.7, 0
35840, 2.6, 0
35943, 7.8, 0
35961, 7.7, 0
35997, 6.7, 0
36023, 19.0, 1
36037, 8.7, 0
36166, 4.7, 0
36189, 5.0, 0
36343, 3.5, 0
36362, 4.0, 0
36385, 6.5, 0
36427, 7.8, 0
36505, 13.1, 0
36578, 3.1, 0
36589, 2.6, 0
36604, 4.5, 0
36661, 15.6, 0
36669, 4.4, 0
36751, 4.1, 0
36774, 5.8, 0
36822, 9.5, 0
36846, 9.5, 0
36933, 8.8, 0
36952, 4.4, 0
37002, 4.0, 0
37019, 3.6, 0
37063, 7.5, 0
37208, 8.0, 1
37208, 4.7, 0
37244, 4.0, 1
37294, 8.5, 0
37315, 2.7, 0
37335, 3.0, 1
37383, 6.0, 0
37494, 2.6, 0
37669, 8.3, 1
37731, 96.8, 1
37792, 5.0, 1
37837, 15.0, 0
37868, 9.1, 0
37947, 4.2, 0
37955, 3.8, 0
37987, 4.9, 0
37995, 4.4, 0
38034, 4.2, 0
38087, 3.1, 0
38173, 12.7, 1
38186, 4.2, 1
38270, 4.0, 0
38289, 4.1, 0
38329, 9.5, 1
38362, 11.8, 0
38382, 5.3, 0
38390, 5.1, 0
38478, 7.0, 0
38481, 5.4, 0
38581, 7.4, 0
38622, 5.0, 0
38637, 15.2, 0
38672, 4.9, 0
38747, 17.6, 0
38750, 4.4, 0
38762, 2.7, 0
38765, 26.1, 1
38886, 6.1, 0
38916, 2.2, 0
38925, 14.6, 0
38950, 12.5, 1
39021, 3.3, 0
39067, 7.6, 1
39163, 14.1, 0
39178, 6.6, 1
39240, 10.4, 0
39327, 10.5, 0
39480, 13.8, 0
39492, 6.4, 0
39582, 53.7, 1
39694, 14.8, 1
39803, 6.2, 0
39852, 5.4, 0
39908, 8.6, 0
40025, 3.1, 0
40090, 6.6, 0
40196, 4.6, 0
40268, 5.1, 0
40313, 6.6, 0
40382, 6.6, 0
40423, 3.7, 1
40437, 59.0, 1
40492, 11.4, 1
40546, 9.9, 1
40588, 5.4, 0
40612, 5.0, 0
40679, 18.5, 0
40687, 4.3, 0
40706, 2.5, 0
40737, 12.2, 0
40742, 4.0, 0
40747, 19.4, 0
40820, 9.8, 0
40836, 8.7, 0
40895, 5.8, 0
40925, 7.2, 0
40946, 28.9, 1
41104, 7.7, 0
41145, 12.6, 0
41188, 4.5, 0
41226, 5.9, 0
41236, 4.7, 0
41242, 6.8, 0
41242, 5.4, 0
41264, 11.0, 1
41297, 10.5, 1
41430, 4.3, 1
41434, 6.0, 0
41484, 4.7, 0
41551, 12.1, 0
41564, 3.9, 1
41738, 12.7, 1
41738, 14.7, 1
41867, 13.9, 0
41972, 2.9, 0
41994, 11.9, 1
42067, 3.3, 0
42096, 3.4, 0
42103, 11.0, 1
42103, 11.7, 1
42185, 4.8, 0
42293, 4.6, 0
42342, 3.2, 1
42363, 45.0, 1
42410, 6.9, 0
42413, 3.4, 1
42465, 29.9, 1
42475, 46.0, 0
42482, 3.3, 0
42564, 5.8, 0
42863, 9.6, 0
42916, 6.2, 0
42979, 7.2, 0
43018, 66.6, 0
43100, 16.8, 1
43127, 3.7, 0
43201, 5.4, 1
43226, 14.9, 0
43372, 12.5, 1
43462, 13.8, 1
43540, 4.9, 0
43586, 5.9, 0
43826, 6.7, 0
43837, 4.6, 0
43882, 7.3, 0
43963, 4.3, 0
44099, 9.1, 0
44218, 5.7, 0
44223, 3.3, 0
44416, 7.5, 0
44448, 9.6, 0
44538, 5.9, 0
44543, 4.0, 0
44686, 7.2, 0
44694, 14.8, 1
44706, 16.0, 1
44722, 4.9, 1
44809, 4.6, 0
44812, 6.8, 1
44821, 9.6, 1
44821, 7.8, 1
44930, 7.9, 0
45054, 50.3, 0
45137, 6.5, 0
45165, 6.4, 0
45276, 6.8, 0
45425, 5.1, 0
45491, 12.6, 1
45496, 10.9, 0
45577, 8.6, 0
45660, 47.8, 0
45726, 5.3, 0
45765, 6.1, 1
45840, 8.3, 0
45936, 30.1, 1
46111, 8.7, 1
46246, 6.4, 0
46260, 5.3, 0
46322, 10.6, 1
46427, 5.6, 1
46480, 6.3, 1
46501, 5.5, 0
46510, 9.9, 0
46655, 17.8, 0
46655, 18.8, 0
46686, 3.9, 0
46692, 8.1, 1
46889, 8.9, 0
46889, 8.0, 0
46947, 11.1, 0
47258, 33.0, 1
47297, 6.8, 0
47355, 6.9, 0
47377, 12.8, 0
47391, 13.2, 0
47483, 10.8, 1
47659, 6.2, 0
47726, 66.1, 1
47800, 14.3, 0
47835, 18.1, 1
47842, 3.6, 0
47923, 3.5, 0
48079, 24.2, 1
48155, 3.2, 0
48166, 3.4, 0
48238, 3.1, 0
48288, 14.2, 0
48348, 7.1, 0
48416, 5.9, 0
48482, 10.1, 0
48505, 6.6, 0
48824, 5.1, 0
48854, 4.1, 1
48886, 4.4, 0
48929, 7.5, 0
49132, 5.8, 0
49191, 29.6, 1
49292, 6.8, 0
49296, 35.9, 0
49337, 19.5, 0
49495, 9.2, 1
49686, 19.0, 0
49755, 45.7, 0
49772, 27.2, 1
49779, 11.8, 0
49800, 8.3, 0
49846, 13.5, 0
49897, 6.1, 0
49957, 18.7, 0
50015, 4.8, 0
50067, 23.5, 0
50112, 5.2, 1
50148, 28.8, 0
50167, 19.0, 1
50179, 6.0, 0
50182, 14.5, 0
50194, 4.4, 0
50243, 8.1, 0
50441, 24.8, 1
50539, 6.2, 0
50714, 10.3, 0
50741, 6.3, 1
50793, 11.1, 1
50917, 7.2, 0
50932, 5.9, 0
51036, 13.0, 0
51104, 4.1, 0
51112, 3.2, 0
51156, 17.1, 0
51167, 9.1, 0
51221, 5.1, 0
51277, 19.7, 1
51320, 22.8, 1
51445, 10.2, 0
51501, 21.0, 0
51637, 10.6, 1
51638, 37.4, 1
51748, 13.4, 1
51794, 8.4, 0
51807, 9.1, 1
51847, 6.5, 0
51860, 17.8, 0
51939, 13.7, 0
51957, 5.6, 0
52008, 5.6, 0
52035, 20.1, 1
52082, 10.2, 1
52082, 17.4, 0
52156, 3.2, 0
52161, 3.3, 0
52281, 19.5, 0
52308, 7.3, 1
52310, 6.1, 0
52312, 21.8, 0
52543, 6.4, 0
52734, 4.8, 0
52821, 12.1, 0
52838, 12.8, 0
52965, 11.6, 0
52989, 19.1, 0
53040, 5.9, 0
53049, 8.0, 0
53105, 21.9, 1
53261, 9.1, 0
53310, 7.3, 1
53343, 8.2, 0
53372, 7.2, 0
53376, 8.9, 0
53574, 8.4, 0
53697, 8.9, 0
53801, 35.6, 1
54023, 7.3, 0
54031, 37.9, 0
54041, 24.9, 1
54148, 15.5, 0
54189, 8.2, 0
54207, 21.5, 0
54260, 8.9, 0
54263, 5.8, 0
54714, 4.6, 0
54742, 9.8, 1
54777, 20.0, 0
54816, 9.2, 0
54840, 7.8, 0
54911, 18.7, 0
55057, 23.1, 1
55291, 21.3, 0
55475, 5.4, 0
55660, 5.1, 0
55679, 14.5, 0
55711, 9.2, 0
55810, 8.0, 0
55884, 6.5, 0
55951, 22.1, 0
55988, 14.4, 0
56010, 5.3, 0
56098, 5.8, 0
56188, 32.0, 0
56385, 5.8, 0
56461, 5.5, 0
56891, 17.2, 0
56985, 10.1, 0
57068, 8.9, 0
57167, 17.8, 0
57194, 190.1, 0
57243, 31.2, 1
57328, 12.9, 0
57583, 4.8, 0
57683, 5.8, 0
57729, 40.8, 0
57793, 63.5, 0
57892, 7.1, 0
57907, 6.9, 0
58046, 33.1, 0
58050, 19.0, 0
58213, 11.7, 0
58375, 7.7, 0
58509, 21.2, 1
58734, 46.9, 0
58956, 6.3, 1
59061, 6.6, 1
59087, 11.9, 0
59163, 23.3, 1
59337, 22.7, 1
59525, 11.4, 0
59546, 12.7, 0
59619, 14.0, 0
59806, 6.3, 0
59899, 5.5, 0
59949, 13.5, 0
59980, 28.0, 1
60022, 11.1, 0
60491, 32.5, 0
60744, 78.1, 1
60993, 14.2, 0
61255, 6.8, 0
61376, 4.6, 0
61538, 9.8, 0
61592, 19.8, 0
61799, 11.2, 0
61800, 9.7, 0
61913, 12.1, 0
62101, 7.0, 0
62127, 64.0, 0
62364, 10.2, 0
62672, 12.4, 0
62684, 10.8, 1
62701, 7.6, 0
62859, 25.0, 1
63059, 5.2, 0
63090, 6.3, 1
63106, 6.5, 0
63532, 9.9, 0
63595, 10.2, 0
63706, 41.0, 1
63709, 31.2, 1
63831, 5.6, 0
63858, 6.5, 1
63899, 16.3, 1
64249, 8.6, 0
64353, 37.1, 0
64380, 16.5, 0
64491, 81.3, 1
64711, 60.5, 0
64739, 9.2, 0
64809, 22.0, 0
64873, 8.4, 1
64918, 5.8, 0
64933, 17.0, 0
65096, 14.8, 0
65227, 6.8, 1
65403, 66.0, 0
65453, 53.2, 0
65583, 25.9, 0
65694, 16.9, 1
65743, 6.2, 0
65953, 26.7, 0
65953, 6.4, 0
66143, 5.5, 0
66175, 30.3, 0
66236, 16.2, 1
66279, 7.1, 0
66303, 9.9, 0
66692, 17.9, 0
66764, 6.2, 0
66824, 94.0, 0
66989, 18.0, 0
67035, 14.4, 0
67215, 18.6, 0
67305, 24.3, 1
67324, 10.9, 0
67473, 20.4, 0
67547, 8.6, 0
67569, 11.2, 0
67762, 38.0, 0
67878, 24.3, 1
67938, 8.7, 0
68052, 8.9, 0
68063, 116.8, 0
68093, 38.3, 0
68562, 10.9, 0
68742, 11.7, 1
69004, 79.0, 0
69099, 26.4, 0
69105, 40.0, 1
69240, 19.1, 0
69346, 50.9, 0
69418, 12.6, 0
69519, 38.8, 0
69619, 6.3, 0
69905, 76.8, 1
70236, 8.0, 0
70314, 17.0, 0
70630, 6.3, 0
70757, 6.5, 0
70813, 11.9, 0
70818, 11.4, 0
70873, 140.0, 1
70876, 20.6, 0
70918, 22.0, 0
70927, 8.9, 0
70975, 6.3, 0
71007, 63.9, 0
71072, 9.1, 0
71169, 10.5, 0
71172, 11.6, 0
71234, 11.0, 1
71580, 193.9, 0
71626, 19.1, 0
71700, 12.2, 0
71791, 9.3, 0
71864, 13.3, 0
71935, 19.0, 0
71938, 12.8, 0
72007, 91.6, 0
72428, 12.9, 0
72513, 15.4, 0
72607, 9.9, 0
72873, 6.8, 0
72956, 14.8, 1
72956, 14.9, 1
72980, 7.9, 0
73036, 15.8, 0
73110, 14.1, 0
73132, 12.1, 0
73166, 56.3, 1
73195, 45.2, 0
73280, 34.6, 0
73348, 8.6, 0
73416, 10.9, 0
73591, 42.0, 0
73623, 10.0, 1
74087, 46.5, 0
74122, 54.3, 1
74289, 20.2, 0
74320, 9.4, 1
74562, 11.8, 0
74599, 16.6, 0
74693, 120.1, 0
74719, 37.0, 0
74892, 11.4, 0
75237, 14.7, 0
75359, 12.9, 0
75646, 17.0, 0
75742, 25.3, 1
75810, 55.6, 1
75964, 12.1, 0
76028, 31.9, 1
76085, 11.1, 0
76292, 12.0, 0
76419, 13.8, 0
76589, 17.3, 0
76777, 31.2, 1
76900, 38.0, 1
77035, 15.5, 0
77112, 27.4, 0
77286, 7.1, 0
77759, 37.0, 1
77781, 29.3, 0
77884, 24.1, 1
78015, 65.9, 1
78234, 31.8, 1
78234, 59.8, 1
78317, 9.6, 1
78398, 8.8, 0
78494, 26.7, 1
78658, 95.2, 1
78710, 7.3, 1
78788, 55.6, 1
78840, 8.5, 0
79015, 38.8, 0
79739, 6.4, 0
79929, 17.9, 0
80067, 9.7, 0
80083, 8.2, 0
80313, 15.6, 0
80740, 16.1, 0
80961, 42.0, 0
81228, 10.6, 1
81655, 16.0, 0
81655, 15.8, 0
81912, 7.6, 0
81976, 44.0, 1
82345, 104.7, 1
82387, 28.0, 0
82448, 7.7, 0
82690, 13.2, 0
82979, 24.3, 1
83066, 41.0, 0
83237, 54.8, 0
83417, 26.0, 0
84134, 15.9, 0
84141, 26.0, 0
84253, 13.0, 0
84328, 25.5, 1
84836, 26.0, 0
85066, 8.8, 0
85176, 9.3, 0
85453, 25.9, 0
85884, 198.7, 1
85935, 22.8, 0
86714, 10.9, 1
87007, 19.0, 0
87090, 9.0, 0
87299, 8.1, 0
87518, 30.0, 1
87652, 12.4, 0
87685, 27.1, 0
88613, 50.1, 0
89040, 9.1, 1
89117, 10.8, 0
89362, 26.2, 0
89590, 41.0, 0
89678, 96.8, 0
90043, 23.4, 0
90324, 8.9, 0
90550, 57.4, 0
90565, 19.1, 0
90611, 117.0, 0
90690, 25.9, 0
90784, 86.4, 1
91072, 31.0, 0
91203, 15.1, 0
91555, 84.0, 1
91751, 51.0, 1
91787, 72.8, 1
92069, 72.9, 0
92544, 114.6, 1
92856, 25.5, 0
92960, 18.0, 0
92964, 45.4, 0
92993, 68.3, 1
93104, 52.0, 0
93114, 20.7, 0
93218, 34.7, 0
93250, 37.0, 0
93548, 86.6, 1
93875, 13.9, 0
93917, 9.9, 0
94105, 24.0, 0
94407, 26.6, 1
94600, 13.1, 1
94630, 66.0, 0
94664, 21.1, 0
94898, 80.9, 1
95143, 13.7, 0
95264, 25.6, 0
95497, 79.2, 1
95511, 10.4, 0
95571, 40.2, 0
95660, 15.8, 0
95868, 27.6, 0
95875, 20.3, 0
96133, 181.7, 1
96245, 10.7, 0
96434, 40.9, 0
96518, 108.3, 1
96660, 11.7, 0
97192, 52.2, 0
97414, 145.9, 1
97673, 237.2, 0
97757, 17.5, 0
98177, 48.2, 1
98657, 102.2, 0
99031, 11.2, 0
99339, 12.2, 0
99389, 37.4, 0
99592, 13.9, 1
100149, 33.1, 0
100224, 83.2, 0
100286, 15.5, 0
100823, 19.5, 0
100926, 8.2, 0
101038, 17.6, 0
101231, 32.5, 0
101445, 16.0, 0
101481, 27.1, 0
101506, 87.7, 0
101856, 40.3, 0
102615, 21.4, 0
102953, 20.2, 0
103032, 288.5, 0
103181, 26.4, 0
103207, 26.3, 1
103641, 29.2, 1
103723, 132.0, 1
103736, 26.2, 1
104680, 21.9, 0
104745, 174.2, 0
104770, 10.5, 0
105120, 8.5, 0
105423, 14.5, 0
105441, 16.7, 0
105542, 19.0, 0
105573, 24.1, 0
105599, 24.1, 0
106267, 396.6, 1
106675, 34.8, 0
107132, 9.4, 0
107260, 72.3, 1
107501, 157.8, 1
107610, 95.2, 1
107765, 43.2, 1
108580, 44.6, 0
108615, 76.2, 0
109504, 31.2, 0
109761, 90.5, 1
109914, 27.1, 0
110014, 15.0, 0
110504, 87.6, 0
110832, 26.4, 0
110942, 27.7, 0
111134, 11.1, 0
111222, 129.6, 1
112365, 43.1, 0
112628, 31.3, 0
112664, 50.2, 0
113407, 45.0, 1
113521, 9.4, 0
113773, 60.1, 0
114008, 308.1, 1
114373, 18.0, 0
114496, 50.1, 0
114618, 12.2, 0
114629, 143.6, 1
115389, 41.8, 1
115400, 52.7, 0
115552, 76.2, 0
116206, 61.6, 0
116785, 33.8, 0
116841, 18.4, 0
116887, 63.5, 1
116940, 24.6, 0
117159, 538.9, 0
117319, 25.8, 0
117324, 20.9, 0
117527, 14.9, 0
117657, 16.0, 1
117747, 21.2, 1
117958, 42.3, 0
118061, 102.7, 0
118335, 73.9, 1
118543, 35.5, 0
118628, 10.9, 0
118747, 63.2, 0
118974, 26.7, 0
119088, 21.5, 0
119530, 133.3, 1
119625, 47.7, 0
119959, 52.0, 0
120124, 74.5, 0
120828, 69.6, 0
120878, 188.6, 0
121529, 68.9, 0
121622, 21.8, 0
122326, 27.3, 1
122364, 205.6, 1
123362, 61.7, 0
124367, 149.8, 0
124540, 41.2, 0
125175, 17.9, 0
126186, 88.2, 0
126409, 70.6, 1
127015, 43.0, 1
127840, 51.3, 0
127934, 82.0, 1
127988, 20.0, 0
128320, 47.9, 0
128446, 29.6, 0
129481, 40.1, 1
130237, 64.1, 0
131016, 27.9, 0
131068, 744.7, 1
131404, 38.7, 1
131775, 96.0, 0
131926, 84.2, 1
131968, 34.2, 0
132425, 129.4, 1
132667, 25.4, 0
133174, 127.0, 0
134212, 192.9, 0
134304, 21.5, 0
134360, 258.9, 0
135135, 157.4, 1
135177, 68.8, 0
135203, 118.6, 0
136034, 58.0, 0
136369, 115.1, 0
137681, 37.8, 0
137698, 20.1, 0
138338, 231.4, 1
138358, 220.1, 0
138565, 62.1, 1
138805, 20.6, 0
139269, 27.5, 0
139644, 94.9, 1
139886, 234.6, 0
141024, 36.1, 1
141414, 21.4, 0
141940, 35.8, 0
142544, 166.4, 0
142747, 143.0, 1
143254, 27.1, 0
143254, 28.2, 0
143389, 76.8, 0
143463, 159.3, 0
143558, 28.4, 0
143568, 111.9, 0
144040, 15.0, 0
144304, 132.0, 0
144414, 187.5, 1
144818, 87.9, 0
145340, 87.0, 1
145437, 86.5, 0
145731, 21.4, 0
146134, 17.7, 0
147073, 55.8, 1
147143, 26.1, 0
147373, 100.2, 0
147440, 87.5, 1
147786, 1406.5, 1
148716, 85.6, 1
149183, 235.6, 1
149361, 287.4, 0
149617, 571.6, 0
150398, 91.8, 1
152351, 161.3, 1
154005, 163.9, 1
154231, 220.2, 0
154259, 61.2, 1
154453, 56.2, 0
155871, 495.5, 0
156942, 73.0, 1
157694, 149.9, 1
157783, 18.1, 0
158950, 72.2, 0
159126, 164.9, 0
159150, 481.5, 1
160281, 158.4, 1
160775, 190.6, 0
161038, 86.0, 0
162265, 105.6, 0
163118, 29.5, 0
163373, 32.8, 0
164628, 102.1, 0
166446, 167.1, 0
167226, 260.7, 0
167455, 253.0, 1
168439, 208.0, 1
169255, 27.0, 0
169959, 123.8, 0
171447, 89.0, 1
171689, 156.7, 0
171879, 15.9, 0
172037, 30.2, 1
172138, 57.3, 0
172275, 37.0, 0
172325, 80.9, 1
173173, 57.6, 0
175473, 220.1, 1
175599, 109.7, 1
175908, 1102.3, 0
176191, 167.5, 0
177152, 29.4, 1
178740, 63.3, 0
179286, 953.1, 0
179316, 219.9, 1
179381, 73.9, 1
179381, 267.8, 1
179784, 214.7, 1
180193, 145.6, 1
180882, 171.1, 1
181196, 168.8, 0
183135, 84.8, 0
183270, 59.1, 0
184562, 29.3, 0
184944, 142.8, 1
186066, 52.2, 0
191409, 99.4, 0
191432, 234.8, 1
192472, 368.9, 1
193150, 173.3, 0
193775, 779.4, 1
193976, 77.9, 0
194306, 104.3, 0
194877, 70.2, 1
195339, 672.4, 0
195371, 33.1, 0
195722, 250.9, 0
196423, 84.0, 0
198990, 123.8, 0
200514, 53.2, 0
202879, 38.3, 0
203910, 27.1, 1
203910, 567.6, 1
203971, 135.3, 0
204664, 121.6, 0
204772, 55.4, 0
205721, 36.0, 0
205891, 34.3, 0
206916, 66.1, 0
207512, 50.2, 0
208999, 240.5, 0
209012, 36.3, 0
209335, 322.2, 1
209496, 681.5, 0
210805, 245.0, 0
213888, 90.1, 0
214399, 37.2, 1
214862, 1170.0, 0
215796, 127.0, 0
215985, 211.1, 1
217330, 515.5, 0
218739, 72.0, 0
219005, 88.7, 0
219516, 51.7, 0
221221, 328.9, 0
223618, 64.3, 0
223973, 251.2, 1
226031, 116.1, 0
226134, 346.5, 1
226241, 1958.1, 0
226257, 222.8, 1
226970, 86.1, 0
228078, 100.3, 0
228912, 433.6, 1
229050, 147.7, 1
229636, 1006.1, 1
230426, 164.4, 1
230492, 38.2, 0
231134, 311.2, 0
231354, 437.7, 0
232141, 108.1, 0
232977, 44.5, 0
233437, 430.0, 0
233500, 220.7, 0
233574, 311.3, 0
234610, 427.6, 0
234839, 201.8, 0
234859, 92.2, 0
235031, 33.9, 0
235674, 203.7, 1
236002, 106.1, 0
236125, 86.7, 0
236756, 142.6, 0
237080, 58.3, 1
239857, 297.9, 1
239940, 98.5, 1
241121, 87.0, 0
243299, 658.7, 1
243910, 446.6, 1
243987, 204.5, 0
244325, 1626.4, 1
244944, 40.3, 0
246003, 133.4, 0
246125, 156.8, 1
246903, 44.7, 1
249620, 119.2, 0
250637, 34.7, 0
251921, 106.7, 0
253377, 29.8, 0
255638, 218.0, 0
257858, 1200.8, 0
258404, 214.2, 0
258515, 82.0, 0
258790, 351.8, 0
259317, 2105.0, 0
261621, 344.5, 1
261749, 197.1, 0
261810, 87.4, 0
261894, 122.8, 0
262848, 94.5, 0
264320, 38.3, 0
267528, 502.7, 0
267648, 412.4, 0
270146, 222.4, 0
271870, 112.8, 0
275571, 2230.6, 0
275888, 525.0, 0
278230, 1372.0, 0
278664, 341.9, 1
280099, 161.0, 0
283270, 861.8, 0
288092, 68.0, 0
288537, 208.0, 0
292337, 299.5, 0
293125, 404.0, 0
295568, 635.0, 0
296910, 242.6, 0
300023, 621.0, 0
301557, 131.5, 0
303430, 124.4, 1
305341, 495.1, 0
305559, 56.1, 0
305699, 250.1, 0
307234, 283.1, 0
308656, 1242.8, 0
308793, 931.1, 1
308836, 490.2, 0
311441, 208.5, 0
312036, 231.8, 0
313047, 256.1, 0
320753, 158.6, 0
321332, 3058.3, 1
322122, 199.6, 0
324697, 927.5, 0
325511, 409.0, 0
329482, 950.9, 0
335644, 66.3, 0
338141, 2148.5, 1
343568, 871.1, 0
354910, 443.1, 1
373047, 557.1, 0
375612, 77.4, 0
375780, 334.0, 0
388379, 286.2, 0
388599, 113.2, 0
389494, 289.1, 0
392360, 1309.2, 1
392850, 683.9, 1
394127, 1319.5, 0
396931, 288.1, 0
397724, 3453.8, 1
407071, 593.9, 0
407220, 268.8, 0
412256, 1066.1, 0
421201, 406.9, 0
425553, 90.5, 1
431202, 303.5, 0
431650, 434.5, 0
436333, 363.1, 0
436445, 1541.0, 0
442668, 2172.4, 0
445608, 353.7, 0
449288, 296.4, 0
450554, 512.8, 1
478919, 2250.5, 0
479939, 3812.2, 0
480099, 1878.7, 0
482937, 1066.2, 0
486366, 186.7, 0
489261, 547.0, 0
489712, 197.2, 1
490719, 984.4, 0
491165, 171.7, 1
500903, 1310.8, 0
506423, 369.1, 0
507842, 100.1, 0
522297, 150.9, 0
522440, 292.0, 1
532967, 856.1, 1
559180, 276.1, 0
573909, 1483.7, 0
576830, 1017.0, 0
594390, 1541.5, 1
602817, 460.0, 0
625625, 333.3, 0
652568, 12091.6, 0
658629, 2696.3, 0
663917, 5000.0, 0
668814, 2620.4, 0
671126, 3694.1, 0
684236, 3182.1, 0
696370, 552.8, 1
710192, 642.0, 0
717057, 2631.8, 1
734562, 1139.9, 0
737408, 3702.6, 0
741669, 4038.1, 0
744154, 629.7, 0
750582, 1680.3, 0
764814, 4835.4, 0
768877, 592.5, 1
776914, 1124.7, 0
783001, 6696.1, 1
787831, 1469.8, 1
812968, 1866.0, 0
818126, 1249.1, 0
828431, 3013.8, 0
834691, 2928.4, 0
852822, 8894.2, 0
863331, 6378.7, 0
872950, 1421.9, 0
968906, 4494.6, 0
998762, 327.6, 0
1067474, 4992.5, 0
1152527, 3181.1, 0
1156431, 2077.2, 0
1232754, 4243.0, 0
1278375, 3386.1, 0
1315242, 3777.8, 1
1452872, 1853.9, 1
1499155, 38696.1, 0
1558797, 8394.5, 1
1847292, 2859.5, 0
1949526, 13160.5, 0
2219424, 31511.2, 1
2316943, 36012.0, 1
2596234, 17205.8, 0
2617834, 42041.9, 0
2640181, 16706.9, 0
2786969, 3552.3, 0
2805016, 45517.1, 0
2964907, 17251.7, 0
3740989, 21910.4, 0
4022318, 13596.7, 0
